#Read
4 0.0000000025 1499.679709
32772 0.0000000154 247.672199
65540 0.0000000135 282.194411
98308 0.0000000237 160.967267
131076 0.0000000143 266.225752
163844 0.0000000156 244.634654
196612 0.0000000206 185.547864
229380 0.0000000171 222.625170
262148 0.0000000218 175.167780
294916 0.0000000212 179.992536
327684 0.0000000192 198.437232
360452 0.0000000207 184.289002
393220 0.0000000215 177.639595
425988 0.0000000130 293.778953
458756 0.0000000136 280.257363
491524 0.0000000139 274.534038
524292 0.0000000138 276.446414
557060 0.0000000133 287.253545
589828 0.0000000144 264.933285
622596 0.0000000141 271.332045
655364 0.0000000275 138.805228
688132 0.0000000294 129.617671
720900 0.0000000136 279.664656
753668 0.0000000292 130.753954
786436 0.0000000134 284.365691
819204 0.0000000314 121.470791
851972 0.0000000143 266.777960
884740 0.0000000322 118.476288
917508 0.0000000147 258.997721
950276 0.0000000346 110.102363
983044 0.0000000148 256.987531
1015812 0.0000000358 106.546920
1048580 0.0000000387 98.509761
1081348 0.0000000153 248.570959
1114116 0.0000000396 96.255706
1146884 0.0000000160 237.993477
1179652 0.0000000411 92.820603
1212420 0.0000000162 235.386532
1245188 0.0000000430 88.728248
1277956 0.0000000157 242.555926
1310724 0.0000000442 86.316813
1343492 0.0000000161 237.110982
1376260 0.0000000448 85.223878
1409028 0.0000000164 232.744105
1441796 0.0000000453 84.239251
1474564 0.0000000454 84.031669
1507332 0.0000000137 277.827918
1540100 0.0000000451 84.504994
1572868 0.0000000146 261.825859
1605636 0.0000000145 262.345057
1638404 0.0000000143 267.413451
1671172 0.0000000142 269.201273
1703940 0.0000000144 265.685620
1736708 0.0000000142 269.066665
1769476 0.0000000148 258.207002
1802244 0.0000000157 242.955516
1835012 0.0000000150 254.204517
1867780 0.0000000155 246.861144
1900548 0.0000000167 228.620729
1933316 0.0000000152 251.751430
1966084 0.0000000152 250.452392
1998852 0.0000000181 210.603997
2031620 0.0000000587 64.934939
2064388 0.0000000161 236.930643
2097156 0.0000000188 202.912593
2129924 0.0000000166 229.469168
2162692 0.0000000611 62.406656
2195460 0.0000000204 186.660025
2228228 0.0000000163 234.718744
2260996 0.0000000598 63.751739
2293764 0.0000000220 173.627204
2326532 0.0000000177 215.758660
2359300 0.0000000163 234.496877
2392068 0.0000000656 58.194858
2424836 0.0000000231 165.025865
2457604 0.0000000203 188.012078
2490372 0.0000000177 215.758607
2523140 0.0000000623 61.209506
2555908 0.0000000268 142.134255
2588676 0.0000000201 190.024705
2621444 0.0000000626 60.932189
2654212 0.0000000278 136.989084
2686980 0.0000000202 189.002146
2719748 0.0000000207 184.134476
2752516 0.0000000629 60.672985
2785284 0.0000000283 134.827707
2818052 0.0000000247 154.489613
2850820 0.0000000188 203.374897
2883588 0.0000000634 60.128345
2916356 0.0000000328 116.197297
2949124 0.0000000232 164.378917
2981892 0.0000000651 58.593750
3014660 0.0000000334 114.175524
3047428 0.0000000262 145.744420
3080196 0.0000000213 178.914205
3112964 0.0000000675 56.512516
3145732 0.0000000378 100.968796
3178500 0.0000000247 154.690119
3211268 0.0000000215 177.085874
3244036 0.0000000653 58.386872
3276804 0.0000000366 104.126801
3309572 0.0000000268 142.432057
3342340 0.0000000234 163.216661
3375108 0.0000000642 59.409794
3407876 0.0000000351 108.796454
3440644 0.0000000270 141.092472
3473412 0.0000000699 54.601066
3506180 0.0000000321 118.808892
3538948 0.0000000312 122.264646
3571716 0.0000000288 132.262205
3604484 0.0000000721 52.901092
3637252 0.0000000350 109.025668
3670020 0.0000000314 121.328652
3702788 0.0000000275 138.657534
3735556 0.0000000710 53.691274
3768324 0.0000000353 108.077712
3801092 0.0000000339 112.637128
3833860 0.0000000726 52.544039
3866628 0.0000000449 84.985428
3899396 0.0000000303 125.834607
3932164 0.0000000281 135.627057
3964932 0.0000000276 138.462886
3997700 0.0000000253 150.552488
4030468 0.0000000207 183.955290
4063236 0.0000000207 183.998129
4096004 0.0000000233 163.516002
4128772 0.0000000217 175.473712
4161540 0.0000000221 172.347762
4194308 0.0000000249 153.277113
4227076 0.0000000227 167.751576
4259844 0.0000000212 180.196581
4292612 0.0000000241 158.542757
4325380 0.0000000221 172.935732
4358148 0.0000000206 185.426214
4390916 0.0000000231 164.954412
4423684 0.0000000219 173.990518
4456452 0.0000000205 186.030965
4489220 0.0000000224 170.055984
4521988 0.0000000209 182.743448
4554756 0.0000000223 170.726189
4587524 0.0000000211 180.732772
4620292 0.0000000206 185.241428
4653060 0.0000000209 182.726949
4685828 0.0000000221 172.949054
4718596 0.0000000208 183.777570
4751364 0.0000000204 186.956398
4784132 0.0000000692 55.164253
4816900 0.0000000415 91.971406
4849668 0.0000000404 94.378325
4882436 0.0000000298 128.118558
4915204 0.0000000263 144.843020
4947972 0.0000000257 148.362632
4980740 0.0000000247 154.197845
5013508 0.0000000228 167.223888
5046276 0.0000000709 53.814524
5079044 0.0000000645 59.136626
5111812 0.0000000418 91.343948
5144580 0.0000000243 156.884339
5177348 0.0000000263 145.223367
5210116 0.0000000210 181.883494
5242884 0.0000000218 175.243272
5275652 0.0000000707 53.982191
5308420 0.0000000463 82.359427
5341188 0.0000000486 78.522661
5373956 0.0000000334 114.296438
5406724 0.0000000279 136.891875
5439492 0.0000000260 146.747740
5472260 0.0000000263 145.053965
5505028 0.0000000695 54.915082
5537796 0.0000000311 122.727817
5570564 0.0000000318 119.987418
5603332 0.0000000305 125.055983
5636100 0.0000000336 113.391820
5668868 0.0000000315 121.048199
5701636 0.0000000279 136.921066
5734404 0.0000000738 51.680677
5767172 0.0000000472 80.796389
5799940 0.0000000485 78.655743
5832708 0.0000000394 96.730997
5865476 0.0000000318 119.797434
5898244 0.0000000302 126.358159
5931012 0.0000000267 142.627599
5963780 0.0000000253 150.994064
5996548 0.0000000744 51.287640
6029316 0.0000000633 60.232507
6062084 0.0000000541 70.447224
6094852 0.0000000382 99.789940
6127620 0.0000000246 154.880116
6160388 0.0000000247 154.503108
6193156 0.0000000210 181.927273
6225924 0.0000000710 53.755602
6258692 0.0000000664 57.411692
6291460 0.0000000375 101.836753
6324228 0.0000000376 101.567698
6356996 0.0000000414 92.205137
6389764 0.0000000223 171.435602
6422532 0.0000000307 124.061235
6455300 0.0000000747 51.076666
6488068 0.0000000708 53.852058
6520836 0.0000000435 87.602373
6553604 0.0000000280 136.098192
6586372 0.0000000320 119.060920
6619140 0.0000000250 152.710436
6651908 0.0000000252 151.097994
6684676 0.0000000244 156.457909
6717444 0.0000000719 53.082284
6750212 0.0000000677 56.348650
6782980 0.0000000559 68.213887
6815748 0.0000000386 98.862943
6848516 0.0000000287 133.144911
6881284 0.0000000244 156.151344
6914052 0.0000000227 168.211816
6946820 0.0000000699 54.591583
6979588 0.0000000692 55.107555
7012356 0.0000000611 62.390623
7045124 0.0000000395 96.540502
7077892 0.0000000306 124.748073
7110660 0.0000000201 189.964313
7143428 0.0000000243 156.729085
7176196 0.0000000686 55.622475
7208964 0.0000000542 70.427730
7241732 0.0000000596 64.048118
7274500 0.0000000497 76.678638
7307268 0.0000000362 105.315930
7340036 0.0000000194 196.529978
7372804 0.0000000192 198.547112
7405572 0.0000000705 54.097916
7438340 0.0000000525 72.633326
7471108 0.0000000479 79.689785
7503876 0.0000000534 71.468568
7536644 0.0000000449 84.963508
7569412 0.0000000324 117.813244
7602180 0.0000000229 166.846782
7634948 0.0000000201 189.571126
7667716 0.0000000694 54.975307
7700484 0.0000000457 83.390360
7733252 0.0000000478 79.775311
7766020 0.0000000512 74.475820
7798788 0.0000000447 85.405988
7831556 0.0000000368 103.574994
7864324 0.0000000294 129.738676
7897092 0.0000000701 54.442679
7929860 0.0000000412 92.565652
7962628 0.0000000442 86.373528
7995396 0.0000000434 87.978545
8028164 0.0000000515 74.036794
8060932 0.0000000416 91.634034
8093700 0.0000000367 104.038983
8126468 0.0000000779 48.942026
8159236 0.0000000373 102.248816
8192004 0.0000000403 94.743642
8224772 0.0000000388 98.383003
8257540 0.0000000457 83.426949
8290308 0.0000000468 81.495162
8323076 0.0000000417 91.501664
8355844 0.0000000877 43.474743
8388612 0.0000000240 158.764481
8421380 0.0000000650 58.668183
8454148 0.0000000368 103.573822
8486916 0.0000000467 81.730822
8519684 0.0000000434 87.938866
8552452 0.0000000424 89.989569
8585220 0.0000000427 89.425132
8617988 0.0000000374 101.998348
8650756 0.0000000327 116.745224
8683524 0.0000000260 146.479631
8716292 0.0000000194 196.157092
8749060 0.0000000200 191.066305
8781828 0.0000000198 192.964411
8814596 0.0000000194 196.984155
8847364 0.0000000215 177.436288
8880132 0.0000000205 186.336851
8912900 0.0000000207 184.464601
8945668 0.0000000191 199.722370
8978436 0.0000000207 184.389250
9011204 0.0000000204 186.733433
9043972 0.0000000190 201.019067
9076740 0.0000000207 184.663986
9109508 0.0000000198 192.636690
9142276 0.0000000206 185.398240
9175044 0.0000000188 203.265208
9207812 0.0000000196 194.704154
9240580 0.0000000203 187.621320
9273348 0.0000000198 192.522873
9306116 0.0000000185 205.705397
9338884 0.0000000713 53.526108
9371652 0.0000000341 112.024323
9404420 0.0000000329 115.858662
9437188 0.0000000378 101.047171
9469956 0.0000000312 122.227887
9502724 0.0000000366 104.154769
9535492 0.0000000352 108.433691
9568260 0.0000000833 45.809907
9601028 0.0000000607 62.861081
9633796 0.0000000588 64.836158
9666564 0.0000000609 62.656318
9699332 0.0000000559 68.235378
9732100 0.0000000545 70.054197
9764868 0.0000000394 96.935176
9797636 0.0000000784 48.671310
9830404 0.0000000742 51.439953
9863172 0.0000000662 57.631831
9895940 0.0000000706 54.017378
9928708 0.0000000466 81.812502
9961476 0.0000000281 135.755472
9994244 0.0000000272 140.327999
10027012 0.0000000722 52.866963
10059780 0.0000000689 55.357032
10092548 0.0000000748 50.984193
10125316 0.0000000440 86.623374
10158084 0.0000000365 104.593740
10190852 0.0000000412 92.489493
10223620 0.0000000392 97.414291
10256388 0.0000000274 139.103503
10289156 0.0000000727 52.488905
10321924 0.0000000712 53.579380
10354692 0.0000000752 50.759640
10387460 0.0000000512 74.465660
10420228 0.0000000476 80.223331
10452996 0.0000000305 125.062041
10485764 0.0000000381 100.064853
10518532 0.0000000738 51.709242
10551300 0.0000000693 55.038526
10584068 0.0000000637 59.916711
10616836 0.0000000550 69.376866
10649604 0.0000000583 65.401302
10682372 0.0000000430 88.724155
10715140 0.0000000364 104.893030
10747908 0.0000000804 47.423717
10780676 0.0000000740 51.572727
10813444 0.0000000328 116.387551
10846212 0.0000000382 99.854567
10878980 0.0000000309 123.327375
10911748 0.0000000353 108.033150
10944516 0.0000000392 97.404985
10977284 0.0000000803 47.516618
11010052 0.0000000818 46.644676
11042820 0.0000000517 73.783776
11075588 0.0000000532 71.692300
11108356 0.0000000460 82.974932
11141124 0.0000000455 83.894576
11173892 0.0000000340 112.222765
11206660 0.0000000346 110.208120
11239428 0.0000000899 42.423778
11272196 0.0000000731 52.162354
11304964 0.0000000672 56.741376
11337732 0.0000000722 52.842113
11370500 0.0000000663 57.523334
11403268 0.0000000401 95.240782
11436036 0.0000000408 93.607609
11468804 0.0000000780 48.887941
11501572 0.0000000754 50.573381
11534340 0.0000000736 51.853231
11567108 0.0000000511 74.604780
11599876 0.0000000597 63.845750
11632644 0.0000000505 75.544641
11665412 0.0000000426 89.614337
11698180 0.0000000814 46.836636
11730948 0.0000000752 50.698253
11763716 0.0000000778 49.056284
11796484 0.0000000424 90.071990
11829252 0.0000000321 118.769629
11862020 0.0000000343 111.373531
11894788 0.0000000349 109.311455
11927556 0.0000000325 117.295099
11960324 0.0000000785 48.568157
11993092 0.0000000826 46.185587
12025860 0.0000000748 51.022701
12058628 0.0000000554 68.893680
12091396 0.0000000487 78.350933
12124164 0.0000000466 81.852517
12156932 0.0000000495 77.022715
12189700 0.0000000787 48.468576
12222468 0.0000000742 51.421281
12255236 0.0000000716 53.303419
12288004 0.0000000679 56.207437
12320772 0.0000000489 77.946958
12353540 0.0000000452 84.435795
12386308 0.0000000517 73.744846
12419076 0.0000000761 50.151305
12451844 0.0000000736 51.824804
12484612 0.0000000800 47.675054
12517380 0.0000000800 47.659400
12550148 0.0000000526 72.471196
12582916 0.0000000362 105.456973
12615684 0.0000000350 108.863276
12648452 0.0000000917 41.621576
12681220 0.0000000704 54.156908
12713988 0.0000000901 42.358990
12746756 0.0000000706 54.004309
12779524 0.0000000790 48.312789
12812292 0.0000000190 200.742002
12845060 0.0000000375 101.700901
12877828 0.0000000387 98.518240
12910596 0.0000000817 46.687046
12943364 0.0000000748 51.018821
12976132 0.0000000715 53.338846
13008900 0.0000000732 52.139252
13041668 0.0000000722 52.845821
13074436 0.0000000486 78.461197
13107204 0.0000000312 122.390699
13139972 0.0000000394 96.815205
13172740 0.0000000296 128.776153
13205508 0.0000000301 126.611174
13238276 0.0000000272 140.179416
13271044 0.0000000203 187.684268
13303812 0.0000000307 124.136687
13336580 0.0000000321 118.679470
13369348 0.0000000292 130.796606
13402116 0.0000000216 176.990449
13434884 0.0000000217 175.571841
13467652 0.0000000218 175.122525
13500420 0.0000000221 172.654957
13533188 0.0000000220 173.196653
13565956 0.0000000230 166.130697
13598724 0.0000000239 159.303943
13631492 0.0000000229 166.522954
13664260 0.0000000221 172.446723
13697028 0.0000000204 186.854498
13729796 0.0000000210 181.513733
13762564 0.0000000201 190.004078
13795332 0.0000000206 185.283594
13828100 0.0000000220 173.395330
13860868 0.0000000738 51.671991
13893636 0.0000000386 98.879411
13926404 0.0000000338 112.702807
13959172 0.0000000346 110.211939
13991940 0.0000000231 165.362992
14024708 0.0000000386 98.806278
14057476 0.0000000336 113.588076
14090244 0.0000000782 48.793199
14123012 0.0000000546 69.926916
14155780 0.0000000484 78.854774
14188548 0.0000000585 65.263912
14221316 0.0000000563 67.786912
14254084 0.0000000475 80.272922
14286852 0.0000000584 65.301522
14319620 0.0000000951 40.126455
14352388 0.0000000861 44.320749
14385156 0.0000000818 46.625642
14417924 0.0000000829 46.018078
14450692 0.0000000793 48.133448
14483460 0.0000000797 47.875785
14516228 0.0000000718 53.159606
14548996 0.0000000664 57.485477
14581764 0.0000001152 33.112518
14614532 0.0000000807 47.294305
14647300 0.0000000888 42.982091
14680068 0.0000000893 42.694197
14712836 0.0000000703 54.226804
14745604 0.0000000790 48.308321
14778372 0.0000000540 70.601966
14811140 0.0000001070 35.646765
14843908 0.0000000849 44.948323
14876676 0.0000000770 49.521425
14909444 0.0000000735 51.876136
14942212 0.0000000690 55.305017
14974980 0.0000000572 66.662802
15007748 0.0000000314 121.357444
15040516 0.0000000901 42.344254
15073284 0.0000000856 44.559455
15106052 0.0000000871 43.795692
15138820 0.0000000805 47.374027
15171588 0.0000000733 52.047022
15204356 0.0000000455 83.800314
15237124 0.0000000465 82.096188
15269892 0.0000000915 41.704468
15302660 0.0000000867 43.980698
15335428 0.0000000791 48.243687
15368196 0.0000000799 47.769324
15400964 0.0000000487 78.409304
15433732 0.0000000403 94.618651
15466500 0.0000000469 81.357495
15499268 0.0000000430 88.624603
15532036 0.0000000950 40.170028
15564804 0.0000000784 48.668140
15597572 0.0000000812 46.951696
15630340 0.0000000795 47.990223
15663108 0.0000000684 55.730581
15695876 0.0000000633 60.221613
15728644 0.0000000583 65.411240
15761412 0.0000000853 44.737535
15794180 0.0000000866 44.045118
15826948 0.0000000800 47.692515
15859716 0.0000000732 52.097535
15892484 0.0000000629 60.632735
15925252 0.0000000704 54.164875
15958020 0.0000000792 48.164917
15990788 0.0000001009 37.813984
16023556 0.0000000940 40.593165
16056324 0.0000000920 41.482677
16089092 0.0000000404 94.426714
16121860 0.0000000479 79.716354
16154628 0.0000000472 80.800478
16187396 0.0000000386 98.894030
16220164 0.0000000971 39.273099
16252932 0.0000000937 40.690104
16285700 0.0000000901 42.333659
16318468 0.0000000619 61.636996
16351236 0.0000000587 64.975340
16384004 0.0000000570 66.946928
16416772 0.0000000459 83.122056
16449540 0.0000000454 83.998649
16482308 0.0000001018 37.465391
16515076 0.0000000970 39.312747
16547844 0.0000000875 43.610973
16580612 0.0000000761 50.134804
16613380 0.0000000737 51.750547
16646148 0.0000000659 57.920898
16678916 0.0000000681 56.034362
16711684 0.0000001013 37.653232
16744452 0.0000001038 36.737736
16777220 0.0000001144 33.340684
16809988 0.0000000966 39.473595
16842756 0.0000000693 55.029010
16875524 0.0000000637 59.906832
16908292 0.0000000767 49.737339
16941060 0.0000001136 33.565833
16973828 0.0000000848 44.960328
17006596 0.0000000762 50.075726
17039364 0.0000000789 48.331006
17072132 0.0000000765 49.832883
17104900 0.0000000635 60.045718
17137668 0.0000000588 64.866978
17170436 0.0000000516 73.928242
17203204 0.0000000841 45.367513
17235972 0.0000000907 42.042209
17268740 0.0000000929 41.073456
17301508 0.0000000855 44.610031
17334276 0.0000000854 44.659694
17367044 0.0000000769 49.598896
17399812 0.0000000757 50.371204
17432580 0.0000000970 39.320185
17465348 0.0000000901 42.345196
17498116 0.0000000717 53.189962
17530884 0.0000000717 53.209063
17563652 0.0000000907 42.063726
17596420 0.0000000728 52.379636
17629188 0.0000000738 51.679291
17661956 0.0000000622 61.291420
17694724 0.0000000617 61.811633
17727492 0.0000000340 112.333504
17760260 0.0000000341 111.910169
17793028 0.0000000213 179.034477
17825796 0.0000000343 111.161649
17858564 0.0000000367 103.848383
17891332 0.0000000332 115.030449
17924100 0.0000000272 140.069542
17956868 0.0000000235 162.226450
17989636 0.0000000337 113.204233
18022404 0.0000000230 165.644581
18055172 0.0000000232 164.378773
18087940 0.0000000227 168.326802
18120708 0.0000000259 147.077152
18153476 0.0000000197 193.481314
18186244 0.0000000207 184.028732
18219012 0.0000000254 150.260452
18251780 0.0000000207 184.038977
18284548 0.0000000211 180.732772
18317316 0.0000000232 164.239036
18350084 0.0000000220 173.766626
18382852 0.0000000746 51.155365
18415620 0.0000000359 106.191692
18448388 0.0000000208 183.726337
18481156 0.0000000411 92.768319
18513924 0.0000000319 119.727591
18546692 0.0000000412 92.591685
18579460 0.0000000370 103.039648
18612228 0.0000000788 48.436589
18644996 0.0000000489 77.940870
18677764 0.0000000486 78.515700
18710532 0.0000000531 71.797951
18743300 0.0000000478 79.755836
18776068 0.0000000557 68.527496
18808836 0.0000000547 69.781048
18841604 0.0000000934 40.834494
18874372 0.0000001271 30.006802
18907140 0.0000000258 147.846385
18939908 0.0000000870 43.835948
18972676 0.0000000673 56.658884
19005444 0.0000000788 48.423520
19038212 0.0000000736 51.836386
19070980 0.0000000729 52.361328
19103748 0.0000001192 31.998659
19136516 0.0000001028 37.101827
19169284 0.0000001213 31.454472
19202052 0.0000001046 36.481580
19234820 0.0000001126 33.883434
19267588 0.0000001041 36.630598
19300356 0.0000000939 40.642261
19333124 0.0000001314 29.040938
19365892 0.0000001237 30.846985
19398660 0.0000001091 34.969641
19431428 0.0000001236 30.866184
19464196 0.0000001026 37.165466
19496964 0.0000000810 47.113535
19529732 0.0000000801 47.645643
19562500 0.0000001202 31.728777
19595268 0.0000001200 31.795193
19628036 0.0000000986 38.695454
19660804 0.0000000857 44.487455
19693572 0.0000000791 48.200545
19726340 0.0000000849 44.920192
19759108 0.0000000722 52.816264
19791876 0.0000000795 47.979442
19824644 0.0000000915 41.697010
19857412 0.0000000751 50.818713
19890180 0.0000000869 43.912829
19922948 0.0000000823 46.347192
19955716 0.0000000809 47.130210
19988484 0.0000000836 45.603330
20021252 0.0000000828 46.053549
20054020 0.0000001068 35.727831
20086788 0.0000000886 43.057099
20119556 0.0000000850 44.878791
20152324 0.0000001022 37.319976
20185092 0.0000000878 43.462988
20217860 0.0000000906 42.098689
20250628 0.0000000636 60.016016
20283396 0.0000000981 38.880356
20316164 0.0000000982 38.827840
20348932 0.0000000937 40.717378
20381700 0.0000000834 45.758064
20414468 0.0000000883 43.217869
20447236 0.0000000855 44.626284
20480004 0.0000000623 61.206182
20512772 0.0000000963 39.606146
20545540 0.0000001044 36.536902
20578308 0.0000001038 36.764759
20611076 0.0000001018 37.482027
20643844 0.0000000887 43.001140
20676612 0.0000000623 61.260072
20709380 0.0000000538 70.858070
20742148 0.0000000455 83.879577
20774916 0.0000001085 35.142777
20807684 0.0000000928 41.089027
20840452 0.0000000998 38.221189
20873220 0.0000000940 40.586098
20905988 0.0000000905 42.134318
20938756 0.0000000816 46.740359
20971524 0.0000000718 53.122960
21004292 0.0000001249 30.549925
21037060 0.0000001064 35.843501
21069828 0.0000001052 36.274290
21102596 0.0000000942 40.488526
21135364 0.0000000876 43.546283
21168132 0.0000000813 46.940110
21200900 0.0000000874 43.670663
21233668 0.0000001614 23.629108
21266436 0.0000001259 30.293317
21299204 0.0000000945 40.378859
21331972 0.0000001038 36.751865
21364740 0.0000000566 67.401033
21397508 0.0000000754 50.562625
21430276 0.0000000686 55.583524
21463044 0.0000001062 35.911483
21495812 0.0000001128 33.820046
21528580 0.0000001080 35.329490
21561348 0.0000001062 35.931498
21594116 0.0000000637 59.850242
21626884 0.0000000606 62.947751
21659652 0.0000000411 92.904066
21692420 0.0000000547 69.712000
21725188 0.0000001061 35.946396
21757956 0.0000001081 35.303019
21790724 0.0000001048 36.397315
21823492 0.0000001012 37.685517
21856260 0.0000000856 44.568471
21889028 0.0000000833 45.768895
21921796 0.0000000775 49.197485
21954564 0.0000001149 33.212750
21987332 0.0000001133 33.680430
22020100 0.0000001149 33.189041
22052868 0.0000001051 36.291255
22085636 0.0000000996 38.297002
22118404 0.0000001026 37.177297
22151172 0.0000000983 38.804436
22183940 0.0000000721 52.875364
22216708 0.0000000629 60.670505
22249476 0.0000000701 54.427188
22282244 0.0000000672 56.803310
22315012 0.0000000611 62.418772
22347780 0.0000000477 79.993652
22380548 0.0000000461 82.768054
22413316 0.0000000516 73.992808
22446084 0.0000000442 86.276753
22478852 0.0000000370 103.070757
22511620 0.0000000474 80.514606
22544388 0.0000000374 102.097828
22577156 0.0000000457 83.424549
22609924 0.0000000357 106.969998
22642692 0.0000000256 149.085563
22675460 0.0000000349 109.421427
22708228 0.0000000227 167.942647
22740996 0.0000000364 104.879071
22773764 0.0000000358 106.704819
22806532 0.0000000349 109.423724
22839300 0.0000000317 120.228514
22872068 0.0000000470 81.099180
22904836 0.0000000735 51.883656
22937604 0.0000000381 100.161245
22970372 0.0000000446 85.465393
23003140 0.0000000366 104.113528
23035908 0.0000000582 65.600378
23068676 0.0000000269 141.595229
23101444 0.0000000235 162.383570
23134212 0.0000000885 43.089449
23166980 0.0000000595 64.109647
23199748 0.0000000531 71.828905
23232516 0.0000000420 90.932024
23265284 0.0000000593 64.383076
23298052 0.0000000471 80.957820
23330820 0.0000000486 78.486447
23363588 0.0000000590 64.661875
23396356 0.0000000948 40.254273
23429124 0.0000000672 56.792190
23461892 0.0000000719 53.082625
23494660 0.0000000688 55.453267
23527428 0.0000000626 60.917338
23560196 0.0000000693 55.061853
23592964 0.0000000619 61.620210
23625732 0.0000001161 32.855589
23658500 0.0000001000 38.149080
23691268 0.0000000829 46.003078
23724036 0.0000000988 38.605547
23756804 0.0000000920 41.481635
23789572 0.0000000843 45.269350
23822340 0.0000001025 37.230684
23855108 0.0000001406 27.127272
23887876 0.0000001326 28.776215
23920644 0.0000001288 29.605914
23953412 0.0000001203 31.719738
23986180 0.0000001361 28.033123
24018948 0.0000001192 32.012452
24051716 0.0000001293 29.494228
24084484 0.0000001589 24.007075
24117252 0.0000001704 22.380228
24150020 0.0000001300 29.337450
24182788 0.0000001465 26.032364
24215556 0.0000001285 29.692235
24248324 0.0000001339 28.497928
24281092 0.0000001103 34.571922
24313860 0.0000000960 39.745839
24346628 0.0000001283 29.738958
24379396 0.0000001269 30.058503
24412164 0.0000001238 30.810542
24444932 0.0000001282 29.745222
24477700 0.0000000922 41.361340
24510468 0.0000000860 44.380536
24543236 0.0000000869 43.890585
24576004 0.0000001314 29.028135
24608772 0.0000001278 29.851915
24641540 0.0000001194 31.937513
24674308 0.0000001089 35.030469
24707076 0.0000000836 45.639186
24739844 0.0000000730 52.256127
24772612 0.0000000942 40.507159
24805380 0.0000001302 29.304735
24838148 0.0000001359 28.064842
24870916 0.0000001009 37.823712
24903684 0.0000000960 39.743651
24936452 0.0000000970 39.340924
24969220 0.0000000944 40.421878
25001988 0.0000000996 38.299274
25034756 0.0000000986 38.701467
25067524 0.0000001209 31.543193
25100292 0.0000001056 36.117227
25133060 0.0000001112 34.299388
25165828 0.0000000940 40.597129
25198596 0.0000000968 39.415215
25231364 0.0000000829 45.999329
25264132 0.0000001049 36.381404
25296900 0.0000001256 30.378091
25329668 0.0000000983 38.803650
25362436 0.0000001043 36.586110
25395204 0.0000001116 34.182600
25427972 0.0000000943 40.441039
25460740 0.0000001296 29.432770
25493508 0.0000001035 36.856978
25526276 0.0000001102 34.604165
25559044 0.0000001003 38.042808
25591812 0.0000001107 34.444685
25624580 0.0000001115 34.226317
25657348 0.0000000923 41.334963
25690116 0.0000001005 37.974156
25722884 0.0000000811 47.053035
25755652 0.0000001348 28.303748
25788420 0.0000001212 31.480972
25821188 0.0000001365 27.942801
25853956 0.0000001216 31.371798
25886724 0.0000001192 31.995987
25919492 0.0000001089 35.038135
25952260 0.0000000738 51.698156
25985028 0.0000000652 58.480447
26017796 0.0000001070 35.643301
26050564 0.0000000949 40.206321
26083332 0.0000001176 32.445304
26116100 0.0000001241 30.742523
26148868 0.0000001161 32.857687
26181636 0.0000001031 37.013984
26214404 0.0000000836 45.643078
26247172 0.0000001191 32.021612
26279940 0.0000001230 31.021535
26312708 0.0000001185 32.192371
26345476 0.0000001188 32.122522
26378244 0.0000000969 39.369367
26411012 0.0000000996 38.288783
26443780 0.0000001039 36.708106
26476548 0.0000001290 29.571297
26509316 0.0000001468 25.980869
26542084 0.0000001405 27.157473
26574852 0.0000001301 29.325610
26607620 0.0000000962 39.649210
26640388 0.0000000934 40.824665
26673156 0.0000000810 47.069762
26705924 0.0000000722 52.803146
26738692 0.0000000703 54.224552
26771460 0.0000000829 46.015649
26804228 0.0000000610 62.574489
26836996 0.0000000818 46.613072
26869764 0.0000000830 45.981113
26902532 0.0000000767 49.703914
26935300 0.0000000726 52.564075
26968068 0.0000000674 56.622187
27000836 0.0000000502 76.045244
27033604 0.0000000451 84.604459
27066372 0.0000000577 66.109704
27099140 0.0000000501 76.130121
27131908 0.0000000441 86.424171
27164676 0.0000000552 69.071988
27197444 0.0000000339 112.428660
27230212 0.0000000355 107.408083
27262980 0.0000000288 132.355242
27295748 0.0000000373 102.289918
27328516 0.0000000275 138.507741
27361284 0.0000000413 92.334022
27394052 0.0000000472 80.756246
27426820 0.0000000806 47.327245
27459588 0.0000000449 84.891979
27492356 0.0000000459 83.183222
27525124 0.0000000425 89.798215
27557892 0.0000000438 87.132048
27590660 0.0000000257 148.674397
27623428 0.0000000445 85.779497
27656196 0.0000000264 144.319765
27688964 0.0000000997 38.243197
27721732 0.0000000446 85.536310
27754500 0.0000000491 77.768517
27787268 0.0000000391 97.536673
27820036 0.0000000540 70.668035
27852804 0.0000000555 68.701132
27885572 0.0000000455 83.767771
27918340 0.0000000978 39.021775
27951108 0.0000000680 56.120066
27983876 0.0000000583 65.416799
28016644 0.0000000634 60.188582
28049412 0.0000000619 61.624821
28082180 0.0000000729 52.317422
28114948 0.0000000670 56.930190
28147716 0.0000001175 32.474600
28180484 0.0000000929 41.041477
28213252 0.0000000855 44.633514
28246020 0.0000000896 42.575371
28278788 0.0000000873 43.677532
28311556 0.0000000917 41.580834
28344324 0.0000000758 50.298576
28377092 0.0000001320 28.897772
28409860 0.0000001117 34.152691
28442628 0.0000001241 30.729223
28475396 0.0000001162 32.828720
28508164 0.0000001163 32.794853
28540932 0.0000001202 31.748576
28573700 0.0000001207 31.608274
28606468 0.0000001185 32.180675
28639236 0.0000001597 23.885943
28672004 0.0000001441 26.465051
28704772 0.0000001483 25.727149
28737540 0.0000001443 26.440429
28770308 0.0000001493 25.546761
28803076 0.0000001514 25.189005
28835844 0.0000001369 27.860995
28868612 0.0000002467 15.463153
28901380 0.0000001776 21.482257
28934148 0.0000001754 21.754593
28966916 0.0000001670 22.845272
28999684 0.0000001534 24.862392
29032452 0.0000001435 26.576327
29065220 0.0000001369 27.855571
29097988 0.0000001753 21.759361
29130756 0.0000001646 23.173837
29163524 0.0000001493 25.551832
29196292 0.0000001490 25.610180
29229060 0.0000001393 27.383146
29261828 0.0000001230 31.018981
29294596 0.0000001334 28.599456
29327364 0.0000001744 21.871031
29360132 0.0000001557 24.495131
29392900 0.0000001197 31.878301
29425668 0.0000001337 28.528088
29458436 0.0000001213 31.447558
29491204 0.0000001318 28.937018
29523972 0.0000000924 41.269201
29556740 0.0000000887 42.988350
29589508 0.0000001393 27.392220
29622276 0.0000001261 30.248701
29655044 0.0000001389 27.454838
29687812 0.0000000954 40.005565
29720580 0.0000001444 26.418333
29753348 0.0000000841 45.364308
29786116 0.0000000900 42.388796
29818884 0.0000001324 28.808286
29851652 0.0000001582 24.106311
29884420 0.0000001276 29.903613
29917188 0.0000001218 31.314679
29949956 0.0000001232 30.975056
29982724 0.0000001046 36.483528
30015492 0.0000001056 36.109202
30048260 0.0000001449 26.318483
30081028 0.0000001477 25.826595
30113796 0.0000001403 27.194488
30146564 0.0000001264 30.177549
30179332 0.0000001220 31.264401
30212100 0.0000001084 35.176765
30244868 0.0000001093 34.909262
30277636 0.0000000937 40.695492
30310404 0.0000001581 24.125244
30343172 0.0000001335 28.569199
30375940 0.0000001110 34.360056
30408708 0.0000001115 34.213620
30441476 0.0000001002 38.082152
30474244 0.0000001009 37.796010
30507012 0.0000001199 31.808077
30539780 0.0000001659 22.994946
30572548 0.0000001130 33.769056
30605316 0.0000001156 33.003190
30638084 0.0000001144 33.349420
30670852 0.0000001220 31.258860
30703620 0.0000001174 32.494357
30736388 0.0000001244 30.669381
30769156 0.0000001526 24.991418
30801924 0.0000001386 27.513643
30834692 0.0000001415 26.958306
30867460 0.0000001149 33.212836
30900228 0.0000001069 35.690049
30932996 0.0000001066 35.794399
30965764 0.0000001100 34.688207
30998532 0.0000001351 28.237313
31031300 0.0000001445 26.395318
31064068 0.0000001373 27.790119
31096836 0.0000001316 28.978764
31129604 0.0000001171 32.563619
31162372 0.0000001186 32.176673
31195140 0.0000001281 29.768371
31227908 0.0000000971 39.282436
31260676 0.0000000741 51.504240
31293444 0.0000000644 59.253234
31326212 0.0000000785 48.570030
31358980 0.0000000774 49.259289
31391748 0.0000000859 44.398702
31424516 0.0000000502 75.925483
31457284 0.0000000579 65.854129
31490052 0.0000000747 51.082988
31522820 0.0000000558 68.325935
31555588 0.0000000651 58.575006
31588356 0.0000000646 59.051041
31621124 0.0000000701 54.455338
31653892 0.0000000895 42.606447
31686660 0.0000000875 43.576251
31719428 0.0000000698 54.669228
31752196 0.0000000622 61.300337
31784964 0.0000000444 85.887947
31817732 0.0000000458 83.293048
31850500 0.0000000400 95.260796
31883268 0.0000000454 84.101585
31916036 0.0000000481 79.312558
31948804 0.0000000948 40.227389
31981572 0.0000000460 82.887860
32014340 0.0000000566 67.401033
32047108 0.0000000603 63.216601
32079876 0.0000000531 71.873457
32112644 0.0000000485 78.720673
32145412 0.0000000288 132.261402
32178180 0.0000000317 120.283247
32210948 0.0000001010 37.772092
32243716 0.0000000594 64.230249
32276484 0.0000000468 81.502769
32309252 0.0000000574 66.473933
32342020 0.0000000480 79.497954
32374788 0.0000000539 70.781563
32407556 0.0000000493 77.431960
32440324 0.0000000988 38.615034
32473092 0.0000000612 62.350178
32505860 0.0000000701 54.389721
32538628 0.0000000501 76.212497
32571396 0.0000000629 60.638920
32604164 0.0000000666 57.275111
32636932 0.0000000622 61.285914
32669700 0.0000001044 36.529630
32702468 0.0000000837 45.570431
32735236 0.0000000798 47.820607
32768004 0.0000000810 47.068413
32800772 0.0000000854 44.676635
32833540 0.0000000798 47.775592
32866308 0.0000000757 50.417918
32899076 0.0000001459 26.147350
32931844 0.0000000984 38.770279
32964612 0.0000001161 32.863528
32997380 0.0000001008 37.858664
33030148 0.0000000875 43.604207
33062916 0.0000001226 31.115773
33095684 0.0000001059 36.014048
33128452 0.0000001027 37.136514
33161220 0.0000001656 23.042515
33193988 0.0000001268 30.092090
33226756 0.0000001392 27.396501
33259524 0.0000001363 27.980665
33292292 0.0000001439 26.515219
33325060 0.0000001439 26.503895
33357828 0.0000001417 26.929255
33390596 0.0000001826 20.896189
33423364 0.0000001762 21.652310
33456132 0.0000001565 24.381148
33488900 0.0000001720 22.173437
33521668 0.0000001604 23.778001
33554436 0.0000002807 13.591050
33587204 0.0000000631 60.452527
33619972 0.0000002171 17.574786
33652740 0.0000002057 18.546304
33685508 0.0000002100 18.168631
33718276 0.0000001970 19.363172
33751044 0.0000002026 18.829591
33783812 0.0000001709 22.320505
33816580 0.0000001950 19.565710
33849348 0.0000001698 22.467716
33882116 0.0000002053 18.579507
33914884 0.0000001852 20.603192
33947652 0.0000001785 21.373704
33980420 0.0000001676 22.765683
34013188 0.0000001712 22.285416
34045956 0.0000001523 25.053524
34078724 0.0000001213 31.458332
34111492 0.0000001855 20.567510
34144260 0.0000001783 21.393385
34177028 0.0000001633 23.356052
34209796 0.0000001419 26.889819
34242564 0.0000001341 28.452602
34275332 0.0000001281 29.789290
34308100 0.0000001366 27.922771
34340868 0.0000001985 19.218006
34373636 0.0000001412 27.011333
34406404 0.0000001524 25.034266
34439172 0.0000001178 32.392143
34471940 0.0000001421 26.853390
34504708 0.0000001309 29.141354
34537476 0.0000001291 29.558362
34570244 0.0000001705 22.371475
34603012 0.0000001459 26.152621
34635780 0.0000001335 28.571059
34668548 0.0000001382 27.608577
34701316 0.0000001465 26.045393
34734084 0.0000001255 30.389104
34766852 0.0000001251 30.499725
34799620 0.0000001049 36.367057
34832388 0.0000001808 21.093678
34865156 0.0000001370 27.834595
34897924 0.0000001504 25.359840
34930692 0.0000001526 24.994257
34963460 0.0000000981 38.896203
34996228 0.0000001137 33.561193
35028996 0.0000001215 31.407279
35061764 0.0000001483 25.726538
35094532 0.0000001611 23.685331
35127300 0.0000001476 25.852298
35160068 0.0000001673 22.805560
35192836 0.0000001121 34.039867
35225604 0.0000001027 37.149165
35258372 0.0000001252 30.461187
35291140 0.0000001646 23.178586
35323908 0.0000001641 23.245121
35356676 0.0000001618 23.576380
35389444 0.0000001274 29.943456
35422212 0.0000001465 26.041093
35454980 0.0000001179 32.361941
35487748 0.0000001301 29.319594
35520516 0.0000001747 21.832578
35553284 0.0000001622 23.520896
35586052 0.0000001683 22.668301
35618820 0.0000001389 27.466919
35651588 0.0000001223 31.193436
35684356 0.0000001235 30.894491
35717124 0.0000001184 32.227800
35749892 0.0000001167 32.699741
35782660 0.0000001446 26.388636
35815428 0.0000000754 50.613109
35848196 0.0000000435 87.702661
35880964 0.0000001298 29.395129
35913732 0.0000000817 46.673758
35946500 0.0000001182 32.261316
35979268 0.0000000964 39.583971
36012036 0.0000000895 42.628320
36044804 0.0000000686 55.590127
36077572 0.0000001039 36.715381
36110340 0.0000000599 63.677221
36143108 0.0000000849 44.932549
36175876 0.0000000690 55.292259
36208644 0.0000000720 52.994382
36241412 0.0000000462 82.608603
36274180 0.0000000526 72.508743
36306948 0.0000000508 75.022380
36339716 0.0000000536 71.212510
36372484 0.0000000728 52.402128
36405252 0.0000000556 68.611772
36438020 0.0000000553 68.961616
36470788 0.0000000428 89.050196
36503556 0.0000000878 43.445885
36536324 0.0000000286 133.349143
36569092 0.0000000303 126.043372
36601860 0.0000000641 59.509277
36634628 0.0000000565 67.470836
36667396 0.0000000290 131.347728
36700164 0.0000000456 83.564797
36732932 0.0000000951 40.100125
36765700 0.0000000581 65.663286
36798468 0.0000000528 72.186767
36831236 0.0000000717 53.230468
36864004 0.0000000496 76.877151
36896772 0.0000000505 75.603089
36929540 0.0000000632 60.327864
36962308 0.0000000993 38.431899
36995076 0.0000000672 56.782354
37027844 0.0000000601 63.440374
37060612 0.0000000530 72.010864
37093380 0.0000000719 53.058803
37126148 0.0000000744 51.242867
37158916 0.0000000565 67.501183
37191684 0.0000001135 33.603231
37224452 0.0000000641 59.499550
37257220 0.0000000967 39.436371
37289988 0.0000000891 42.832473
37322756 0.0000000613 62.269721
37355524 0.0000000919 41.511597
37388292 0.0000000694 54.984889
37421060 0.0000000863 44.199155
37453828 0.0000001218 31.313039
37486596 0.0000001033 36.941513
37519364 0.0000001063 35.901551
37552132 0.0000001058 36.062318
37584900 0.0000000971 39.266410
37617668 0.0000001140 33.472559
37650436 0.0000000868 43.949013
37683204 0.0000001569 24.308396
37715972 0.0000001045 36.499644
#Write


4 0.0000000021 1834.269713
32772 0.0000001051 36.309436
65540 0.0000001091 34.973246
98308 0.0000001098 34.738131
131076 0.0000001093 34.905025
163844 0.0000001036 36.817576
196612 0.0000001151 33.142269
229380 0.0000001072 35.592094
262148 0.0000001084 35.178558
294916 0.0000001068 35.727406
327684 0.0000001086 35.120653
360452 0.0000001023 37.299156
393220 0.0000001112 34.307074
425988 0.0000001033 36.918575
458756 0.0000001164 32.761575
491524 0.0000001033 36.918088
524292 0.0000001086 35.114307
557060 0.0000001031 37.009332
589828 0.0000001082 35.270362
622596 0.0000001018 37.479962
655364 0.0000001085 35.164509
688132 0.0000001011 37.736293
720900 0.0000001220 31.272916
753668 0.0000001022 37.312388
786436 0.0000001049 36.378286
819204 0.0000001090 35.009232
851972 0.0000001083 35.223060
884740 0.0000000988 38.602263
917508 0.0000001088 35.051287
950276 0.0000001186 32.176607
983044 0.0000001046 36.465822
1015812 0.0000001019 37.449707
1048580 0.0000001112 34.318020
1081348 0.0000000993 38.397704
1114116 0.0000001079 35.358214
1146884 0.0000001027 37.141358
1179652 0.0000001275 29.918872
1212420 0.0000001015 37.592635
1245188 0.0000001088 35.076624
1277956 0.0000000981 38.903507
1310724 0.0000001092 34.939298
1343492 0.0000001015 37.567706
1376260 0.0000001067 35.747963
1409028 0.0000001255 30.403306
1441796 0.0000001068 35.702244
1474564 0.0000000994 38.380524
1507332 0.0000001077 35.417731
1540100 0.0000001003 38.045173
1572868 0.0000001041 36.646609
1605636 0.0000001031 36.993318
1638404 0.0000001076 35.448881
1671172 0.0000001302 29.306282
1703940 0.0000001096 34.819500
1736708 0.0000001015 37.575515
1769476 0.0000001043 36.559273
1802244 0.0000001036 36.824505
1835012 0.0000001073 35.567139
1867780 0.0000000998 38.235951
1900548 0.0000001455 26.218608
1933316 0.0000001002 38.088322
1966084 0.0000001048 36.400928
1998852 0.0000001080 35.315638
2031620 0.0000001073 35.566469
2064388 0.0000000995 38.338481
2097156 0.0000001149 33.207111
2129924 0.0000001428 26.705384
2162692 0.0000001073 35.537099
2195460 0.0000001035 36.856432
2228228 0.0000001068 35.715120
2260996 0.0000000995 38.348103
2293764 0.0000001101 34.649956
2326532 0.0000001005 37.949414
2359300 0.0000001055 36.152431
2392068 0.0000001029 37.054334
2424836 0.0000001060 35.987135
2457604 0.0000000979 38.975794
2490372 0.0000001061 35.950136
2523140 0.0000001004 37.996505
2555908 0.0000001042 36.595999
2588676 0.0000001013 37.649294
2621444 0.0000001078 35.394098
2654212 0.0000000992 38.457629
2686980 0.0000001074 35.521536
2719748 0.0000000997 38.280555
2752516 0.0000001052 36.268232
2785284 0.0000000997 38.260862
2818052 0.0000001061 35.959885
2850820 0.0000001007 37.872111
2883588 0.0000001045 36.510498
2916356 0.0000001005 37.962576
2949124 0.0000001055 36.167451
2981892 0.0000000990 38.529593
3014660 0.0000001054 36.187896
3047428 0.0000001017 37.507037
3080196 0.0000001470 25.942472
3112964 0.0000001175 32.464206
3145732 0.0000001157 32.972782
3178500 0.0000001012 37.700759
3211268 0.0000001087 35.087751
3244036 0.0000001013 37.652341
3276804 0.0000001088 35.051227
3309572 0.0000000984 38.755952
3342340 0.0000001485 25.694054
3375108 0.0000001129 33.774596
3407876 0.0000001113 34.261306
3440644 0.0000001014 37.619159
3473412 0.0000001083 35.238907
3506180 0.0000000986 38.683933
3538948 0.0000001062 35.925682
3571716 0.0000001417 26.921794
3604484 0.0000001240 30.770355
3637252 0.0000001025 37.221790
3670020 0.0000001124 33.938330
3702788 0.0000001018 37.486194
3735556 0.0000001076 35.440938
3768324 0.0000000996 38.310440
3801092 0.0000001498 25.458224
3833860 0.0000001101 34.638299
3866628 0.0000001152 33.100490
3899396 0.0000001066 35.797536
3932164 0.0000001075 35.481929
3964932 0.0000001010 37.777569
3997700 0.0000001112 34.293575
4030468 0.0000001408 27.088504
4063236 0.0000001338 28.509556
4096004 0.0000001104 34.548998
4128772 0.0000001064 35.844320
4161540 0.0000001002 38.066929
4194308 0.0000001131 33.728331
4227076 0.0000000974 39.153954
4259844 0.0000001043 36.585205
4292612 0.0000001448 26.337319
4325380 0.0000001330 28.680847
4358148 0.0000001110 34.370414
4390916 0.0000001119 34.080643
4423684 0.0000000973 39.221729
4456452 0.0000001085 35.172807
4489220 0.0000001009 37.812357
4521988 0.0000001506 25.335384
4554756 0.0000001151 33.152918
4587524 0.0000001229 31.036174
4620292 0.0000001058 36.052512
4653060 0.0000001101 34.643921
4685828 0.0000001055 36.142934
4718596 0.0000001078 35.395101
4751364 0.0000001467 25.995756
4784132 0.0000001204 31.690222
4816900 0.0000001184 32.209384
4849668 0.0000001165 32.733547
4882436 0.0000001060 36.000074
4915204 0.0000001123 33.970507
4947972 0.0000001044 36.553848
4980740 0.0000001525 25.015360
5013508 0.0000001100 34.672438
5046276 0.0000001164 32.776747
5079044 0.0000001081 35.285313
5111812 0.0000001151 33.147604
5144580 0.0000001076 35.455896
5177348 0.0000001109 34.389813
5210116 0.0000001032 36.974469
5242884 0.0000001552 24.582291
5275652 0.0000001066 35.773362
5308420 0.0000001145 33.304089
5341188 0.0000001102 34.626602
5373956 0.0000001148 33.232403
5406724 0.0000001044 36.530256
5439492 0.0000001139 33.501738
5472260 0.0000001470 25.946719
5505028 0.0000001223 31.187714
5537796 0.0000001100 34.677032
5570564 0.0000001140 33.457689
5603332 0.0000001027 37.155512
5636100 0.0000001151 33.133848
5668868 0.0000001015 37.566845
5701636 0.0000001547 24.657216
5734404 0.0000001097 34.775853
5767172 0.0000001180 32.327575
5799940 0.0000001106 34.505690
5832708 0.0000001124 33.951475
5865476 0.0000001037 36.794814
5898244 0.0000001169 32.639505
5931012 0.0000001030 37.029937
5963780 0.0000001509 25.282662
5996548 0.0000001195 31.929616
6029316 0.0000001159 32.900857
6062084 0.0000001081 35.272834
6094852 0.0000001164 32.770954
6127620 0.0000001059 36.025581
6160388 0.0000001132 33.684394
6193156 0.0000001487 25.651929
6225924 0.0000001214 31.430664
6258692 0.0000001150 33.183479
6291460 0.0000001223 31.179946
6324228 0.0000001182 32.263916
6356996 0.0000001118 34.114398
6389764 0.0000001055 36.163879
6422532 0.0000001549 24.631171
6455300 0.0000001204 31.679971
6488068 0.0000001237 30.848747
6520836 0.0000001085 35.166874
6553604 0.0000001123 33.965346
6586372 0.0000001066 35.787315
6619140 0.0000001126 33.881928
6651908 0.0000001505 25.353486
6684676 0.0000001276 29.893630
6717444 0.0000001118 34.125599
6750212 0.0000001220 31.257939
6782980 0.0000001140 33.473853
6815748 0.0000001182 32.284081
6848516 0.0000001045 36.498988
6881284 0.0000001298 29.381131
6914052 0.0000001066 35.777370
6946820 0.0000001179 32.347460
6979588 0.0000001077 35.432765
7012356 0.0000001155 33.016005
7045124 0.0000001092 34.942478
7077892 0.0000001115 34.207975
7110660 0.0000000959 39.768665
7143428 0.0000001032 36.972586
7176196 0.0000000925 41.228045
7208964 0.0000001036 36.826182
7241732 0.0000000987 38.660710
7274500 0.0000001012 37.683908
7307268 0.0000000961 39.708948
7340036 0.0000001039 36.712366
7372804 0.0000000968 39.400057
7405572 0.0000001018 37.487860
7438340 0.0000001005 37.939195
7471108 0.0000001034 36.876221
7503876 0.0000000966 39.486904
7536644 0.0000001037 36.792317
7569412 0.0000000955 39.962555
7602180 0.0000001473 25.900961
7634948 0.0000001075 35.486731
7667716 0.0000001164 32.766281
7700484 0.0000001056 36.131521
7733252 0.0000001150 33.164006
7766020 0.0000001070 35.658005
7798788 0.0000001176 32.435896
7831556 0.0000001039 36.708766
7864324 0.0000001486 25.679329
7897092 0.0000001361 28.031404
7929860 0.0000001418 26.893121
7962628 0.0000001317 28.955792
7995396 0.0000001221 31.241306
8028164 0.0000001049 36.375214
8060932 0.0000001093 34.908729
8093700 0.0000001450 26.299359
8126468 0.0000001474 25.873982
8159236 0.0000001361 28.024955
8192004 0.0000001244 30.656586
8224772 0.0000001051 36.293369
8257540 0.0000001062 35.906283
8290308 0.0000001135 33.613098
8323076 0.0000001558 24.477210
8355844 0.0000001421 26.850086
8388612 0.0000001207 31.598481
8421380 0.0000001151 33.133430
8454148 0.0000001392 27.399630
8486916 0.0000001113 34.259896
8519684 0.0000001072 35.570247
8552452 0.0000001422 26.828687
8585220 0.0000001515 25.179520
8617988 0.0000001159 32.911528
8650756 0.0000001209 31.553763
8683524 0.0000001085 35.167686
8716292 0.0000001106 34.497400
8749060 0.0000001044 36.543532
8781828 0.0000001100 34.674554
8814596 0.0000001456 26.200287
8847364 0.0000001440 26.493229
8880132 0.0000001385 27.538206
8912900 0.0000001253 30.455780
8945668 0.0000001194 31.943872
8978436 0.0000001145 33.319177
9011204 0.0000001013 37.674459
9043972 0.0000001523 25.051838
9076740 0.0000001409 27.074482
9109508 0.0000001527 24.987447
9142276 0.0000001149 33.209456
9175044 0.0000001113 34.276905
9207812 0.0000001043 36.588431
9240580 0.0000001154 33.067171
9273348 0.0000001386 27.514836
9306116 0.0000001424 26.784687
9338884 0.0000001406 27.129205
9371652 0.0000001400 27.254213
9404420 0.0000001138 33.530629
9437188 0.0000001131 33.726241
9469956 0.0000001022 37.310171
9502724 0.0000001463 26.081720
9535492 0.0000001334 28.585455
9568260 0.0000001420 26.858999
9601028 0.0000001399 27.274860
9633796 0.0000001337 28.523377
9666564 0.0000001131 33.736865
9699332 0.0000001037 36.802274
9732100 0.0000000953 40.020970
9764868 0.0000001472 25.906965
9797636 0.0000001216 31.382532
9830404 0.0000001256 30.381558
9863172 0.0000001215 31.404113
9895940 0.0000001331 28.661080
9928708 0.0000001235 30.892869
9961476 0.0000001189 32.071912
9994244 0.0000001430 26.677944
10027012 0.0000001170 32.614671
10059780 0.0000001130 33.744363
10092548 0.0000001219 31.284905
10125316 0.0000001122 33.999656
10158084 0.0000001237 30.846215
10190852 0.0000001202 31.725718
10223620 0.0000001609 23.710252
10256388 0.0000001136 33.568629
10289156 0.0000001391 27.433453
10321924 0.0000001087 35.081553
10354692 0.0000001156 32.990426
10387460 0.0000001178 32.393083
10420228 0.0000001164 32.785850
10452996 0.0000001584 24.079719
10485764 0.0000001145 33.325740
10518532 0.0000001396 27.321019
10551300 0.0000001234 30.912529
10584068 0.0000001154 33.047110
10616836 0.0000001186 32.157281
10649604 0.0000001071 35.629893
10682372 0.0000001216 31.376771
10715140 0.0000001518 25.126861
10747908 0.0000001226 31.106973
10780676 0.0000001148 33.216275
10813444 0.0000001203 31.698652
10846212 0.0000001132 33.692711
10878980 0.0000001313 29.047228
10911748 0.0000001057 36.106453
10944516 0.0000001543 24.723663
10977284 0.0000001164 32.771881
11010052 0.0000001258 30.327217
11042820 0.0000001119 34.097460
11075588 0.0000001228 31.070586
11108356 0.0000001111 34.346601
11141124 0.0000001220 31.266013
11173892 0.0000001578 24.167155
11206660 0.0000001434 26.610612
11239428 0.0000001301 29.326109
11272196 0.0000001381 27.631172
11304964 0.0000001241 30.747331
11337732 0.0000001379 27.671379
11370500 0.0000001273 29.975007
11403268 0.0000001466 26.013860
11436036 0.0000001246 30.618824
11468804 0.0000001309 29.143025
11501572 0.0000001088 35.054991
11534340 0.0000001300 29.335939
11567108 0.0000001127 33.856100
11599876 0.0000001124 33.928798
11632644 0.0000001131 33.741390
11665412 0.0000001129 33.791700
11698180 0.0000001034 36.891457
11730948 0.0000001141 33.424606
11763716 0.0000001049 36.378860
11796484 0.0000001090 34.998987
11829252 0.0000001028 37.109342
11862020 0.0000001075 35.495589
11894788 0.0000001070 35.642149
11927556 0.0000001116 34.182726
11960324 0.0000001020 37.383679
11993092 0.0000001142 33.402510
12025860 0.0000001067 35.761848
12058628 0.0000001139 33.482057
12091396 0.0000001058 36.049981
12124164 0.0000001537 24.825407
12156932 0.0000001041 36.653823
12189700 0.0000001286 29.654235
12222468 0.0000001092 34.944248
12255236 0.0000001122 33.999950
12288004 0.0000001028 37.090582
12320772 0.0000001109 34.382664
12353540 0.0000000987 38.641404
12386308 0.0000001673 22.794765
12419076 0.0000001297 29.408084
12451844 0.0000001285 29.685688
12484612 0.0000001301 29.314327
12517380 0.0000001328 28.718447
12550148 0.0000001092 34.926953
12582916 0.0000001657 23.015070
12615684 0.0000001353 28.199880
12648452 0.0000001612 23.666454
12681220 0.0000001422 26.817689
12713988 0.0000001542 24.743585
12746756 0.0000001411 27.027777
12779524 0.0000001470 25.946119
12812292 0.0000001271 30.015821
12845060 0.0000001538 24.809831
12877828 0.0000001457 26.173284
12910596 0.0000001500 25.424168
12943364 0.0000001382 27.598627
12976132 0.0000001423 26.805147
13008900 0.0000001078 35.375863
13041668 0.0000001143 33.371501
13074436 0.0000001420 26.859452
13107204 0.0000001461 26.111109
13139972 0.0000001420 26.869289
13172740 0.0000001542 24.743162
13205508 0.0000001167 32.680742
13238276 0.0000001195 31.910614
13271044 0.0000001028 37.100576
13303812 0.0000001142 33.394936
13336580 0.0000001510 25.267573
13369348 0.0000001530 24.936724
13402116 0.0000001441 26.473144
13434884 0.0000001463 26.078230
13467652 0.0000001164 32.766294
13500420 0.0000001229 31.036016
13533188 0.0000001175 32.475535
13565956 0.0000001510 25.260778
13598724 0.0000001489 25.618916
13631492 0.0000001521 25.073651
13664260 0.0000001096 34.797947
13697028 0.0000001256 30.375502
13729796 0.0000001231 30.979893
13762564 0.0000001284 29.713782
13795332 0.0000001446 26.384318
13828100 0.0000001595 23.914179
13860868 0.0000001497 25.479691
13893636 0.0000001150 33.182486
13926404 0.0000001145 33.319913
13959172 0.0000001212 31.468818
13991940 0.0000001068 35.708087
14024708 0.0000001113 34.273808
14057476 0.0000001488 25.636971
14090244 0.0000001586 24.047528
14123012 0.0000001455 26.219036
14155780 0.0000001435 26.578672
14188548 0.0000001306 29.219534
14221316 0.0000001331 28.658389
14254084 0.0000001249 30.534621
14286852 0.0000001799 21.205329
14319620 0.0000001433 26.626386
14352388 0.0000001550 24.605110
14385156 0.0000001448 26.351556
14417924 0.0000001519 25.121177
14450692 0.0000001068 35.731206
14483460 0.0000001256 30.363300
14516228 0.0000001466 26.014510
14548996 0.0000001535 24.859408
14581764 0.0000001400 27.243204
14614532 0.0000001475 25.856671
14647300 0.0000001295 29.450524
14680068 0.0000001458 26.171035
14712836 0.0000001406 27.137927
14745604 0.0000001688 22.597445
14778372 0.0000001584 24.075871
14811140 0.0000001163 32.790444
14843908 0.0000001162 32.830480
14876676 0.0000001268 30.083869
14909444 0.0000001178 32.383211
14942212 0.0000001272 29.987623
14974980 0.0000001200 31.802117
15007748 0.0000001647 23.156671
15040516 0.0000001553 24.566461
15073284 0.0000001240 30.763688
15106052 0.0000001090 35.001745
15138820 0.0000001122 33.993303
15171588 0.0000001089 35.038114
15204356 0.0000001182 32.265886
15237124 0.0000001436 26.559873
15269892 0.0000001544 24.705677
15302660 0.0000001118 34.117457
15335428 0.0000001209 31.559026
15368196 0.0000001096 34.809502
15400964 0.0000001343 28.406124
15433732 0.0000001175 32.466503
15466500 0.0000001564 24.398419
15499268 0.0000001463 26.077768
15532036 0.0000001389 27.463193
15564804 0.0000001250 30.511365
15597572 0.0000001342 28.416224
15630340 0.0000001242 30.705848
15663108 0.0000001279 29.814224
15695876 0.0000001550 24.603973
15728644 0.0000001786 21.364058
15761412 0.0000001538 24.810446
15794180 0.0000001544 24.701512
15826948 0.0000001447 26.361255
15859716 0.0000001479 25.791117
15892484 0.0000001359 28.064530
15925252 0.0000001414 26.975646
15958020 0.0000001416 26.943772
15990788 0.0000001301 29.323625
16023556 0.0000001162 32.821975
16056324 0.0000001219 31.299719
16089092 0.0000001090 35.003259
16121860 0.0000001177 32.405374
16154628 0.0000001116 34.176097
16187396 0.0000001059 36.005655
16220164 0.0000001090 34.983850
16252932 0.0000001108 34.439507
16285700 0.0000001023 37.285022
16318468 0.0000001106 34.481213
16351236 0.0000001028 37.119803
16384004 0.0000001128 33.824647
16416772 0.0000000994 38.386706
16449540 0.0000001124 33.927485
16482308 0.0000001022 37.334235
16515076 0.0000001070 35.636005
16547844 0.0000001015 37.581080
16580612 0.0000001105 34.509486
16613380 0.0000001010 37.783780
16646148 0.0000001495 25.517693
16678916 0.0000000999 38.176682
16711684 0.0000001041 36.652355
16744452 0.0000001140 33.469138
16777220 0.0000001169 32.620651
16809988 0.0000000917 41.577526
16842756 0.0000001040 36.695002
16875524 0.0000000977 39.036828
16908292 0.0000001559 24.473570
16941060 0.0000001258 30.311508
16973828 0.0000001398 27.286356
17006596 0.0000001140 33.457598
17039364 0.0000001195 31.911556
17072132 0.0000001167 32.687731
17104900 0.0000001232 30.957645
17137668 0.0000001551 24.600792
17170436 0.0000001438 26.520420
17203204 0.0000001395 27.337236
17235972 0.0000001420 26.857988
17268740 0.0000001337 28.536587
17301508 0.0000001386 27.525310
17334276 0.0000001356 28.128794
17367044 0.0000001841 20.721564
17399812 0.0000001593 23.952614
17432580 0.0000001803 21.154066
17465348 0.0000001591 23.978880
17498116 0.0000001664 22.929925
17530884 0.0000001512 25.226607
17563652 0.0000001554 24.542812
17596420 0.0000001424 26.797551
17629188 0.0000001847 20.658126
17661956 0.0000001531 24.919257
17694724 0.0000001544 24.709763
17727492 0.0000001367 27.905107
17760260 0.0000001508 25.294174
17793028 0.0000001506 25.328320
17825796 0.0000001490 25.607724
17858564 0.0000001664 22.920846
17891332 0.0000001527 24.980964
17924100 0.0000001452 26.265813
17956868 0.0000001429 26.689480
17989636 0.0000001379 27.662948
18022404 0.0000001616 23.605063
18055172 0.0000001266 30.139122
18087940 0.0000001475 25.856067
18120708 0.0000001498 25.467851
18153476 0.0000001505 25.348253
18186244 0.0000001378 27.677577
18219012 0.0000001592 23.958464
18251780 0.0000001310 29.125503
18284548 0.0000001155 33.035016
18317316 0.0000001531 24.920133
18350084 0.0000001565 24.371069
18382852 0.0000001479 25.792933
18415620 0.0000001543 24.721844
18448388 0.0000001396 27.316802
18481156 0.0000001275 29.912116
18513924 0.0000001047 36.420544
18546692 0.0000001215 31.392771
18579460 0.0000001574 24.237288
18612228 0.0000001554 24.544855
18644996 0.0000001384 27.565439
18677764 0.0000001575 24.223322
18710532 0.0000001354 28.169542
18743300 0.0000001336 28.555363
18776068 0.0000001292 29.532137
18808836 0.0000001825 20.906973
18841604 0.0000001674 22.788397
18874372 0.0000001591 23.974536
18907140 0.0000001535 24.846813
18939908 0.0000001252 30.464737
18972676 0.0000001335 28.584933
19005444 0.0000001386 27.520421
19038212 0.0000001773 21.515225
19070980 0.0000001690 22.569205
19103748 0.0000001409 27.072591
19136516 0.0000001508 25.301045
19169284 0.0000001142 33.391645
19202052 0.0000001275 29.914460
19234820 0.0000001140 33.476742
19267588 0.0000001499 25.450422
19300356 0.0000001557 24.493501
19333124 0.0000001650 23.114329
19365892 0.0000001499 25.441292
19398660 0.0000001411 27.031169
19431428 0.0000001288 29.618047
19464196 0.0000001519 25.109458
19496964 0.0000001281 29.784342
19529732 0.0000001744 21.878763
19562500 0.0000001629 23.420109
19595268 0.0000001718 22.210313
19628036 0.0000001478 25.817392
19660804 0.0000001563 24.400810
19693572 0.0000001403 27.184597
19726340 0.0000001547 24.651260
19759108 0.0000001572 24.273923
19791876 0.0000001635 23.324579
19824644 0.0000001574 24.232409
19857412 0.0000001550 24.611685
19890180 0.0000001412 27.019830
19922948 0.0000001522 25.056822
19955716 0.0000001425 26.767621
19988484 0.0000001804 21.145553
20021252 0.0000001872 20.373486
20054020 0.0000001916 19.910859
20086788 0.0000001268 30.092608
20119556 0.0000001497 25.486356
20152324 0.0000001364 27.976811
20185092 0.0000001341 28.444860
20217860 0.0000001669 22.852181
20250628 0.0000001823 20.919753
20283396 0.0000001835 20.784515
20316164 0.0000001369 27.871503
20348932 0.0000001252 30.463293
20381700 0.0000001501 25.408730
20414468 0.0000001195 31.917065
20447236 0.0000001350 28.262998
20480004 0.0000001191 32.029235
20512772 0.0000001277 29.870433
20545540 0.0000001180 32.316150
20578308 0.0000001298 29.384033
20611076 0.0000001191 32.040746
20643844 0.0000001194 31.958153
20676612 0.0000001214 31.431053
20709380 0.0000001216 31.377348
20742148 0.0000001165 32.754369
20774916 0.0000001285 29.695334
20807684 0.0000001114 34.240856
20840452 0.0000001235 30.899168
20873220 0.0000001230 31.024873
20905988 0.0000001397 27.303968
20938756 0.0000001061 35.954618
20971524 0.0000001021 37.345150
21004292 0.0000000910 41.940083
21037060 0.0000001326 28.775264
21069828 0.0000001252 30.480341
21102596 0.0000001310 29.122017
21135364 0.0000001059 36.007791
21168132 0.0000001197 31.864072
21200900 0.0000001278 29.838097
21233668 0.0000001276 29.900619
21266436 0.0000001190 32.056280
21299204 0.0000001045 36.513841
21331972 0.0000001005 37.941222
21364740 0.0000001078 35.381577
21397508 0.0000001036 36.814295
21430276 0.0000001407 27.115167
21463044 0.0000001098 34.748563
21495812 0.0000001089 35.013365
21528580 0.0000001119 34.090388
21561348 0.0000001170 32.597250
21594116 0.0000001031 36.985117
21626884 0.0000001159 32.901078
21659652 0.0000001514 25.197160
21692420 0.0000001198 31.843024
21725188 0.0000001234 30.920645
21757956 0.0000001338 28.517584
21790724 0.0000001196 31.884907
21823492 0.0000001401 27.234935
21856260 0.0000001218 31.316468
21889028 0.0000001705 22.368905
21921796 0.0000001434 26.601794
21954564 0.0000001554 24.550842
21987332 0.0000001529 24.956083
22020100 0.0000001569 24.311729
22052868 0.0000001297 29.410296
22085636 0.0000001562 24.420910
22118404 0.0000001501 25.414721
22151172 0.0000001988 19.188318
22183940 0.0000001766 21.605722
22216708 0.0000001882 20.270273
22249476 0.0000001738 21.945112
22282244 0.0000001788 21.332883
22315012 0.0000001690 22.566609
22347780 0.0000001627 23.452510
22380548 0.0000001855 20.568179
22413316 0.0000002003 19.046562
22446084 0.0000001753 21.757262
22478852 0.0000001811 21.058620
22511620 0.0000001650 23.119377
22544388 0.0000001510 25.261135
22577156 0.0000001415 26.951974
22609924 0.0000001876 20.336731
22642692 0.0000001714 22.255148
22675460 0.0000001746 21.851785
22708228 0.0000001525 25.020919
22740996 0.0000001541 24.751099
22773764 0.0000001400 27.244732
22806532 0.0000001490 25.610223
22839300 0.0000001857 20.541434
22872068 0.0000001925 19.812481
22904836 0.0000001453 26.254035
22937604 0.0000001486 25.663707
22970372 0.0000001406 27.135295
23003140 0.0000001555 24.532663
23035908 0.0000001543 24.718122
23068676 0.0000001573 24.247614
23101444 0.0000001534 24.865020
23134212 0.0000001561 24.443871
23166980 0.0000001455 26.211521
23199748 0.0000001439 26.516833
23232516 0.0000001643 23.212656
23265284 0.0000001408 27.100552
23298052 0.0000001399 27.259478
23330820 0.0000001815 21.018245
23363588 0.0000001598 23.866311
23396356 0.0000001431 26.648710
23429124 0.0000001795 21.248238
23461892 0.0000001458 26.165277
23494660 0.0000001556 24.515357
23527428 0.0000001449 26.320225
23560196 0.0000001790 21.309196
23592964 0.0000001905 20.029857
23625732 0.0000001577 24.192719
23658500 0.0000001802 21.166126
23691268 0.0000001501 25.417272
23724036 0.0000001633 23.366618
23756804 0.0000001055 36.162076
23789572 0.0000001500 25.429431
23822340 0.0000001484 25.713208
23855108 0.0000001713 22.266936
23887876 0.0000001468 25.990820
23920644 0.0000001741 21.914401
23953412 0.0000001573 24.248253
23986180 0.0000001549 24.626927
24018948 0.0000001420 26.871507
24051716 0.0000002009 18.983899
24084484 0.0000001681 22.686806
24117252 0.0000001805 21.130111
24150020 0.0000001547 24.651384
24182788 0.0000001591 23.979878
24215556 0.0000001368 27.895122
24248324 0.0000001501 25.406435
24281092 0.0000001809 21.082956
24313860 0.0000001909 19.982342
24346628 0.0000001763 21.635303
24379396 0.0000001881 20.280523
24412164 0.0000001636 23.321293
24444932 0.0000001227 31.087456
24477700 0.0000001272 29.988411
24510468 0.0000001797 21.227805
24543236 0.0000001683 22.660021
24576004 0.0000001785 21.368789
24608772 0.0000001666 22.897658
24641540 0.0000001685 22.636837
24674308 0.0000001484 25.707100
24707076 0.0000001523 25.042410
24739844 0.0000001724 22.124937
24772612 0.0000002013 18.950255
24805380 0.0000001870 20.401973
24838148 0.0000001840 20.733361
24870916 0.0000001835 20.789200
24903684 0.0000001844 20.685644
24936452 0.0000001710 22.314241
24969220 0.0000001653 23.070602
25001988 0.0000001765 21.615522
25034756 0.0000001395 27.341488
25067524 0.0000001427 26.730862
25100292 0.0000001423 26.800051
25133060 0.0000001294 29.482567
25165828 0.0000001245 30.644482
25198596 0.0000001242 30.715603
25231364 0.0000001293 29.494635
25264132 0.0000001050 36.340630
25296900 0.0000001261 30.251224
25329668 0.0000001151 33.147403
25362436 0.0000001227 31.093076
25395204 0.0000001046 36.461956
25427972 0.0000001249 30.532117
25460740 0.0000001209 31.546598
25493508 0.0000001110 34.359272
25526276 0.0000001086 35.131517
25559044 0.0000001370 27.840877
25591812 0.0000001105 34.513731
25624580 0.0000001210 31.520184
25657348 0.0000001062 35.922772
25690116 0.0000001152 33.104055
25722884 0.0000001544 24.709866
25755652 0.0000001259 30.292755
25788420 0.0000001002 38.080447
25821188 0.0000001389 27.456955
25853956 0.0000001004 38.002745
25886724 0.0000001172 32.553662
25919492 0.0000001076 35.460566
25952260 0.0000001536 24.843111
25985028 0.0000001131 33.722210
26017796 0.0000001286 29.664674
26050564 0.0000001091 34.960064
26083332 0.0000001295 29.462671
26116100 0.0000001191 32.038222
26148868 0.0000001137 33.550188
26181636 0.0000001765 21.607044
26214404 0.0000001501 25.413645
26247172 0.0000001245 30.628819
26279940 0.0000001448 26.350623
26312708 0.0000001304 29.244457
26345476 0.0000001321 28.879088
26378244 0.0000001246 30.603722
26411012 0.0000001781 21.416772
26443780 0.0000001356 28.136084
26476548 0.0000001622 23.518837
26509316 0.0000001398 27.288747
26542084 0.0000001510 25.260818
26574852 0.0000001495 25.519020
26607620 0.0000001551 24.590257
26640388 0.0000001352 28.215476
26673156 0.0000002049 18.620691
26705924 0.0000001772 21.526878
26738692 0.0000001691 22.561326
26771460 0.0000001830 20.844628
26804228 0.0000001828 20.871001
26836996 0.0000001745 21.857598
26869764 0.0000001925 19.814343
26902532 0.0000002100 18.166857
26935300 0.0000002185 17.461836
26968068 0.0000002060 18.515687
27000836 0.0000002046 18.644888
27033604 0.0000002054 18.574445
27066372 0.0000002183 17.476793
27099140 0.0000001797 21.230087
27131908 0.0000002675 14.259201
27164676 0.0000002274 16.773033
27197444 0.0000002201 17.334514
27230212 0.0000002216 17.216416
27262980 0.0000002376 16.058223
27295748 0.0000001635 23.331936
27328516 0.0000001615 23.624609
27361284 0.0000002186 17.446796
27394052 0.0000002048 18.629834
27426820 0.0000001800 21.196537
27459588 0.0000002029 18.797548
27492356 0.0000001789 21.327197
27525124 0.0000002121 17.989503
27557892 0.0000001743 21.886218
27590660 0.0000001573 24.256567
27623428 0.0000002040 18.695358
27656196 0.0000001932 19.747448
27688964 0.0000001942 19.643137
27721732 0.0000001739 21.931732
27754500 0.0000001497 25.485375
27787268 0.0000001593 23.940964
27820036 0.0000001485 25.689320
27852804 0.0000001978 19.285122
27885572 0.0000001849 20.629398
27918340 0.0000002013 18.945942
27951108 0.0000001622 23.519995
27983876 0.0000001622 23.521891
28016644 0.0000001752 21.779561
28049412 0.0000001617 23.592250
28082180 0.0000001936 19.708167
28114948 0.0000002126 17.942073
28147716 0.0000001517 25.148941
28180484 0.0000001507 25.318050
28213252 0.0000001642 23.234252
28246020 0.0000001694 22.520448
28278788 0.0000001589 24.004804
28311556 0.0000002126 17.946203
28344324 0.0000001925 19.813542
28377092 0.0000001597 23.882387
28409860 0.0000001760 21.676048
28442628 0.0000001830 20.840815
28475396 0.0000001664 22.923945
28508164 0.0000001648 23.143690
28540932 0.0000001547 24.660802
28573700 0.0000001987 19.196987
28606468 0.0000001694 22.513558
28639236 0.0000001648 23.151395
28672004 0.0000001693 22.526549
28704772 0.0000001652 23.093077
28737540 0.0000001697 22.473110
28770308 0.0000001636 23.312821
28803076 0.0000001923 19.841859
28835844 0.0000001973 19.333443
28868612 0.0000001695 22.501104
28901380 0.0000001871 20.385456
28934148 0.0000001771 21.537985
28966916 0.0000001945 19.616928
28999684 0.0000001878 20.309921
29032452 0.0000001982 19.245650
29065220 0.0000001759 21.690345
29097988 0.0000001842 20.707552
29130756 0.0000001789 21.328991
29163524 0.0000001948 19.586465
29196292 0.0000001642 23.236253
29229060 0.0000001781 21.415227
29261828 0.0000001429 26.696664
29294596 0.0000002146 17.776757
29327364 0.0000002031 18.785274
29360132 0.0000002143 17.801189
29392900 0.0000001910 19.967941
29425668 0.0000001972 19.344983
29458436 0.0000001696 22.493233
29491204 0.0000001661 22.970561
29523972 0.0000001445 26.394880
29556740 0.0000001811 21.066043
29589508 0.0000001631 23.387218
29622276 0.0000001592 23.956232
29655044 0.0000001619 23.561654
29687812 0.0000001810 21.070825
29720580 0.0000001452 26.270512
29753348 0.0000001339 28.481174
29786116 0.0000001111 34.323694
29818884 0.0000001273 29.971432
29851652 0.0000001493 25.543253
29884420 0.0000001467 25.998556
29917188 0.0000001109 34.399149
29949956 0.0000001375 27.748192
29982724 0.0000000883 43.180694
30015492 0.0000000900 42.385525
30048260 0.0000000846 45.091735
30081028 0.0000001161 32.855402
30113796 0.0000001069 35.681906
30146564 0.0000001160 32.885321
30179332 0.0000000862 44.251859
30212100 0.0000001153 33.084164
30244868 0.0000001290 29.576140
30277636 0.0000000927 41.140608
30310404 0.0000001043 36.562594
30343172 0.0000001052 36.249651
30375940 0.0000001057 36.089125
30408708 0.0000000973 39.223533
30441476 0.0000000818 46.653857
30474244 0.0000001482 25.745161
30507012 0.0000001045 36.516760
30539780 0.0000001196 31.899272
30572548 0.0000001115 34.223494
30605316 0.0000001148 33.218736
30638084 0.0000001071 35.625216
30670852 0.0000001091 34.976594
30703620 0.0000001539 24.781181
30736388 0.0000001247 30.584468
30769156 0.0000001013 37.661973
30801924 0.0000001392 27.398487
30834692 0.0000001043 36.581091
30867460 0.0000001269 30.050605
30900228 0.0000001107 34.463386
30932996 0.0000001508 25.296887
30965764 0.0000001367 27.899106
30998532 0.0000001397 27.305785
31031300 0.0000001324 28.818537
31064068 0.0000001536 24.828007
31096836 0.0000001284 29.714847
31129604 0.0000001428 26.719849
31162372 0.0000001223 31.191497
31195140 0.0000001805 21.128503
31227908 0.0000001599 23.851651
31260676 0.0000001686 22.622004
31293444 0.0000001591 23.976397
31326212 0.0000001634 23.352854
31358980 0.0000001517 25.142911
31391748 0.0000001679 22.721448
31424516 0.0000001847 20.654464
31457284 0.0000002756 13.841279
31490052 0.0000000885 43.125422
31522820 0.0000002253 16.934840
31555588 0.0000002016 18.920453
31588356 0.0000001989 19.177899
31621124 0.0000001749 21.812119
31653892 0.0000002398 15.906354
31686660 0.0000002172 17.559470
31719428 0.0000002212 17.242580
31752196 0.0000002184 17.465970
31784964 0.0000002306 16.545675
31817732 0.0000002105 18.120150
31850500 0.0000002493 15.302183
31883268 0.0000002474 15.417567
31916036 0.0000002481 15.374904
31948804 0.0000002328 16.383111
31981572 0.0000002200 17.338945
32014340 0.0000002430 15.698825
32047108 0.0000002113 18.056782
32079876 0.0000001933 19.738357
32112644 0.0000002016 18.920557
32145412 0.0000002079 18.348513
32178180 0.0000002460 15.506899
32210948 0.0000001875 20.343013
32243716 0.0000001958 19.483669
32276484 0.0000001732 22.024429
32309252 0.0000001943 19.628130
32342020 0.0000001696 22.489506
32374788 0.0000001989 19.174443
32407556 0.0000001770 21.549195
32440324 0.0000001779 21.447314
32473092 0.0000001835 20.790258
32505860 0.0000001885 20.233868
32538628 0.0000001680 22.707563
32571396 0.0000001863 20.476351
32604164 0.0000001836 20.778600
32636932 0.0000001905 20.029072
32669700 0.0000001718 22.198176
32702468 0.0000001886 20.226063
32735236 0.0000001774 21.509290
32768004 0.0000001846 20.666033
32800772 0.0000001440 26.496615
32833540 0.0000001501 25.422189
32866308 0.0000001800 21.190951
32899076 0.0000002088 18.270969
32931844 0.0000001735 21.988678
32964612 0.0000001704 22.383690
32997380 0.0000001464 26.052569
33030148 0.0000001432 26.644672
33062916 0.0000001521 25.080065
33095684 0.0000002042 18.683167
33128452 0.0000001932 19.742275
33161220 0.0000002159 17.665707
33193988 0.0000001871 20.387618
33226756 0.0000001707 22.347682
33259524 0.0000001731 22.033489
33292292 0.0000001684 22.653222
33325060 0.0000002022 18.870044
33357828 0.0000002189 17.425547
33390596 0.0000001837 20.770855
33423364 0.0000001727 22.089177
33456132 0.0000001737 21.957067
33488900 0.0000001810 21.071128
33521668 0.0000001719 22.186534
33554436 0.0000002144 17.790341
33587204 0.0000002072 18.406784
33619972 0.0000001908 19.994492
33652740 0.0000001955 19.512911
33685508 0.0000001721 22.171368
33718276 0.0000001977 19.292233
33751044 0.0000002044 18.666354
33783812 0.0000001442 26.462014
33816580 0.0000002466 15.470751
33849348 0.0000001927 19.800282
33882116 0.0000001753 21.766681
33914884 0.0000001989 19.177746
33947652 0.0000001884 20.243087
33980420 0.0000001924 19.830508
34013188 0.0000001687 22.609335
34045956 0.0000001723 22.142712
34078724 0.0000001689 22.581717
34111492 0.0000001876 20.333340
34144260 0.0000001686 22.630020
34177028 0.0000001332 28.640589
34209796 0.0000001759 21.685259
34242564 0.0000001475 25.867265
34275332 0.0000001731 22.040081
34308100 0.0000001353 28.198531
34340868 0.0000001564 24.391895
34373636 0.0000001330 28.673241
34406404 0.0000001422 26.818373
34439172 0.0000001227 31.081047
34471940 0.0000001251 30.493970
34504708 0.0000001332 28.636788
34537476 0.0000001283 29.742358
34570244 0.0000001206 31.627605
34603012 0.0000001358 28.092556
34635780 0.0000001178 32.383272
34668548 0.0000001086 35.122971
34701316 0.0000001223 31.203549
34734084 0.0000001657 23.021822
34766852 0.0000001548 24.640677
34799620 0.0000000881 43.312819
34832388 0.0000001201 31.763320
34865156 0.0000001248 30.567281
34897924 0.0000001197 31.862540
34930692 0.0000000938 40.674101
34963460 0.0000001206 31.642172
34996228 0.0000001494 25.527567
35028996 0.0000000964 39.591073
35061764 0.0000001292 29.526270
35094532 0.0000001148 33.218634
35127300 0.0000000857 44.513923
35160068 0.0000001129 33.775533
35192836 0.0000001126 33.864008
35225604 0.0000001657 23.025959
35258372 0.0000001401 27.223732
35291140 0.0000001176 32.439270
35323908 0.0000001291 29.550472
35356676 0.0000001016 37.541958
35389444 0.0000001151 33.140319
35422212 0.0000001093 34.904595
35454980 0.0000001740 21.924589
35487748 0.0000001506 25.330829
35520516 0.0000001390 27.442220
35553284 0.0000001317 28.974218
35586052 0.0000001447 26.370394
35618820 0.0000001221 31.244534
35651588 0.0000002014 18.936982
35684356 0.0000000802 47.589528
35717124 0.0000001694 22.524414
35749892 0.0000001331 28.671156
35782660 0.0000001721 22.160220
35815428 0.0000001390 27.448844
35848196 0.0000001613 23.654264
35880964 0.0000001521 25.080054
35913732 0.0000001545 24.695298
35946500 0.0000001904 20.033937
35979268 0.0000001765 21.614559
36012036 0.0000001725 22.110417
36044804 0.0000001727 22.087825
36077572 0.0000001548 24.647029
36110340 0.0000001658 23.008295
36143108 0.0000001661 22.969550
36175876 0.0000002037 18.725166
36208644 0.0000002111 18.072601
36241412 0.0000002092 18.235134
36274180 0.0000001967 19.391474
36306948 0.0000002052 18.586765
36339716 0.0000001948 19.587236
36372484 0.0000001948 19.584680
36405252 0.0000001985 19.221343
36438020 0.0000002348 16.248711
36470788 0.0000002232 17.090545
36503556 0.0000002478 15.391923
36536324 0.0000002127 17.938169
36569092 0.0000002446 15.595219
36601860 0.0000002214 17.230420
36634628 0.0000002297 16.609094
36667396 0.0000002580 14.788098
36700164 0.0000002748 13.883709
36732932 0.0000002274 16.771713
36765700 0.0000002491 15.315297
36798468 0.0000002343 16.282330
36831236 0.0000002259 16.883055
36864004 0.0000001888 20.202013
36896772 0.0000002410 15.827487
36929540 0.0000002195 17.381761
36962308 0.0000002259 16.887566
36995076 0.0000002072 18.411620
37027844 0.0000002249 16.958142
37060612 0.0000002365 16.129502
37093380 0.0000002069 18.437009
37126148 0.0000002314 16.485295
37158916 0.0000002200 17.338162
37191684 0.0000002149 17.750675
37224452 0.0000002124 17.959968
37257220 0.0000002073 18.397575
37289988 0.0000001866 20.438417
37322756 0.0000001855 20.569709
37355524 0.0000001961 19.457516
37388292 0.0000002496 15.281846
37421060 0.0000002154 17.708099
37453828 0.0000001761 21.666857
37486596 0.0000001855 20.561489
37519364 0.0000001791 21.296547
37552132 0.0000002003 19.045086
37584900 0.0000001573 24.245957
37617668 0.0000002038 18.720426
37650436 0.0000001934 19.724033
37683204 0.0000001962 19.439044
37715972 0.0000002119 18.005881
